id    | user_id | group_id | expire_time | start_time | status |
+-------+---------+----------+-------------+------------+--------+
|  9410 |     964 |        0 |  2147483647 | 1409363739 |      1 |
|  9411 |     964 |        1 |  2147483647 | 1409363739 |      1 |
|  9412 |     964 |        8 |  2147483647 | 1409363739 |      1 |

|  9413 |     964 |        3 |  1440864000 | 1409363739 |      1 |
|  9414 |     964 |        5 |  1440864000 | 1409363739 |      1 |
|  9415 |     964 |        6 |  1448864000 | 1409363739 |      1 |
|  9416 |     964 |        7 |  1440864000 | 1409363739 |      1 |
|  9417 |     964 |        9 |  1440864000 | 1409363739 |      1 |
|  9418 |     964 |       11 |  1440864000 | 1409363739 |      1 |
|  9419 |     964 |       12 |  1440864000 | 1409363739 |      1 |
|  9420 |     964 |       22 |  1440864000 | 1409363739 |      1 |
|  9421 |     964 |       23 |  1440864000 | 1409363739 |      1 |
|  9422 |     964 |       10 |  1440864000 | 1409363739 |      1 |
|  9423 |     964 |       16 |  1440864000 | 1409363739 |      1 |
|  9424 |     964 |       17 |  1440864000 | 1409363739 |      1 |
|  9425 |     964 |       18 |  1440864000 | 1409363739 |      1 |
|  9426 |     964 |       19 |  1440864000 | 1409363739 |      1 |
|  9427 |     964 |       20 |  1440864000 | 1409363739 |      1 |
|  9428 |     964 |       21 |  1440864000 | 1409363739 |      1 |
|  9429 |     964 |        4 |  1440864000 | 1409363739 |      1 |


|  9430 |     965 |        0 |  2147483647 | 1409373489 |      1 |
|  9431 |     965 |        1 |  2147483647 | 1409373489 |      1 |
|  9432 |     965 |        8 |  2147483647 | 1409373489 |      1 |
|  9433 |     965 |        3 |  1410323889 | 1409373489 |      1 |
|  9434 |     965 |        5 |  1410323889 | 1409373489 |      1 |
|  9435 |     965 |        6 |  1410323889 | 1409373489 |      1 |
|  9436 |     965 |        7 |  1410323889 | 1409373489 |      1 |
|  9437 |     965 |        9 |  1410323889 | 1409373489 |      1 |
|  9438 |     965 |       11 |  1410323889 | 1409373489 |      1 |
|  9439 |     965 |       12 |  1410323889 | 1409373489 |      1 |
|  9440 |     965 |       22 |  1410323889 | 1409373489 |      1 |
|  9441 |     965 |       23 |  1410323889 | 1409373489 |      1 |


|  9442 |     966 |        0 |  2147483647 | 1409374937 |      1 |
|  9443 |     966 |        1 |  2147483647 | 1409374937 |      1 |
|  9444 |     966 |        8 |  2147483647 | 1409374937 |      1 |

|  9445 |     966 |        3 |  1410325337 | 1409374937 |      1 |
|  9446 |     966 |        5 |  1410325337 | 1409374937 |      1 |
|  9447 |     966 |        6 |  1410325337 | 1409374937 |      1 |
|  9448 |     966 |        7 |  1410325337 | 1409374937 |      1 |
|  9449 |     966 |        9 |  1410325337 | 1409374937 |      1 |
|  9450 |     966 |       11 |  1410325337 | 1409374937 |      1 |
|  9451 |     966 |       12 |  1410325337 | 1409374937 |      1 |
|  9452 |     966 |       22 |  1410325337 | 1409374937 |      1 |
|  9453 |     966 |       23 |  1410325337 | 1409374937 |      1 |

|  9454 |     967 |        0 |  2147483647 | 1409381299 |      1 |
|  9455 |     967 |        1 |  2147483647 | 1409381299 |      1 |
|  9456 |     967 |        8 |  2147483647 | 1409381299 |      1 |

|  9457 |     967 |        3 |  1410331699 | 1409381299 |      1 |
|  9458 |     967 |        5 |  1410331699 | 1409381299 |      1 |
|  9459 |     967 |        6 |  1410331699 | 1409381299 |      1 |
|  9460 |     967 |        7 |  1410331699 | 1409381299 |      1 |
|  9461 |     967 |        9 |  1410331699 | 1409381299 |      1 |
|  9462 |     967 |       11 |  1410331699 | 1409381299 |      1 |
|  9463 |     967 |       12 |  1410331699 | 1409381299 |      1 |
|  9464 |     967 |       22 |  1410331699 | 1409381299 |      1 |
|  9465 |     967 |       23 |  1410331699 | 1409381299 |      1 |

|  9466 |     968 |        0 |  2147483647 | 1409382247 |      1 |
|  9467 |     968 |        1 |  2147483647 | 1409382247 |      1 |
|  9468 |     968 |        8 |  2147483647 | 1409382247 |      1 |

|  9469 |     968 |        3 |  1410332647 | 1409382247 |      1 |
|  9470 |     968 |        5 |  1410332647 | 1409382247 |      1 |
|  9471 |     968 |        6 |  1410332647 | 1409382247 |      1 |
|  9472 |     968 |        7 |  1410332647 | 1409382247 |      1 |
|  9473 |     968 |        9 |  1410332647 | 1409382247 |      1 |
|  9474 |     968 |       11 |  1410332647 | 1409382247 |      1 |
|  9475 |     968 |       12 |  1410332647 | 1409382247 |      1 |
|  9476 |     968 |       22 |  1410332647 | 1409382247 |      1 |
|  9477 |     968 |       23 |  1410332647 | 1409382247 |      1 |

|  9478 |     969 |        0 |  2147483647 | 1409382610 |      1 |
|  9479 |     969 |        1 |  2147483647 | 1409382610 |      1 |
|  9480 |     969 |        8 |  2147483647 | 1409382610 |      1 |


|  9481 |     969 |        3 |  1410333010 | 1409382610 |      1 |
|  9482 |     969 |        5 |  1410333010 | 1409382610 |      1 |
|  9483 |     969 |        6 |  1410333010 | 1409382610 |      1 |
|  9484 |     969 |        7 |  1410333010 | 1409382610 |      1 |
|  9485 |     969 |        9 |  1410333010 | 1409382610 |      1 |
|  9486 |     969 |       11 |  1410333010 | 1409382610 |      1 |
|  9487 |     969 |       12 |  1410333010 | 1409382610 |      1 |
|  9488 |     969 |       22 |  1410333010 | 1409382610 |      1 |
|  9489 |     969 |       23 |  1410333010 | 1409382610 |      1 |

|  9490 |     970 |        0 |  2147483647 | 1409382887 |      1 |
|  9491 |     970 |        1 |  2147483647 | 1409382887 |      1 |
|  9492 |     970 |        8 |  2147483647 | 1409382887 |      1 |

|  9493 |     970 |        3 |  1410333287 | 1409382887 |      1 |
|  9494 |     970 |        5 |  1410333287 | 1409382887 |      1 |
|  9495 |     970 |        6 |  1410333287 | 1409382887 |      1 |
|  9496 |     970 |        7 |  1410333287 | 1409382887 |      1 |
|  9497 |     970 |        9 |  1410333287 | 1409382887 |      1 |
|  9498 |     970 |       11 |  1410333287 | 1409382887 |      1 |
|  9499 |     970 |       12 |  1410333287 | 1409382887 |      1 |
|  9500 |     970 |       22 |  1410333287 | 1409382887 |      1 |
|  9501 |     970 |       23 |  1410333287 | 1409382887 |      1 |

|  9502 |     971 |        0 |  2147483647 | 1409384802 |      1 |
|  9503 |     971 |        1 |  2147483647 | 1409384802 |      1 |
|  9504 |     971 |        8 |  2147483647 | 1409384802 |      1 |
|  9505 |     971 |        3 |  2147483647 | 1409384802 |      1 |
|  9506 |     971 |        5 |  2147483647 | 1409384802 |      1 |
|  9507 |     971 |        6 |  2147483647 | 1409384802 |      1 |
|  9508 |     971 |        7 |  2147483647 | 1409384802 |      1 |
|  9509 |     971 |        9 |  2147483647 | 1409384802 |      1 |
|  9510 |     971 |       11 |  2147483647 | 1409384802 |      1 |
|  9511 |     971 |       12 |  2147483647 | 1409384802 |      1 |
|  9512 |     971 |       22 |  2147483647 | 1409384802 |      1 |
|  9513 |     971 |       23 |  2147483647 | 1409384802 |      1 |
|  9514 |     972 |        0 |  2147483647 | 1409533000 |      1 |
|  9515 |     972 |        1 |  2147483647 | 1409533000 |      1 |
|  9516 |     972 |        8 |  2147483647 | 1409533000 |      1 |

|  9517 |     972 |        3 |  1410483400 | 1409533000 |      1 |
|  9518 |     972 |        5 |  1410483400 | 1409533000 |      1 |
|  9519 |     972 |        6 |  1410483400 | 1409533000 |      1 |
|  9520 |     972 |        7 |  1410483400 | 1409533000 |      1 |
|  9521 |     972 |        9 |  1410483400 | 1409533000 |      1 |
|  9522 |     972 |       11 |  1410483400 | 1409533000 |      1 |
|  9523 |     972 |       12 |  1410483400 | 1409533000 |      1 |
|  9524 |     972 |       22 |  1410483400 | 1409533000 |      1 |
|  9525 |     972 |       23 |  1410483400 | 1409533000 |      1 |

|  9526 |     973 |        0 |  2147483647 | 1440432000 |      1 |
|  9527 |     973 |        1 |  2147483647 | 1440432000 |      1 |
|  9528 |     973 |        8 |  2147483647 | 1440432000 |      1 |

|  9529 |     973 |        3 |  1471968000 | 1440432000 |      1 |
|  9530 |     973 |        5 |  1471968000 | 1440432000 |      1 |
|  9531 |     973 |        6 |  1471968000 | 1440432000 |      1 |
|  9532 |     973 |        7 |  1471968000 | 1440432000 |      1 |
|  9533 |     973 |        9 |  1471968000 | 1440432000 |      1 |
|  9534 |     973 |       11 |  1471968000 | 1440432000 |      1 |

|  9535 |     973 |       12 |  1440432000 | 1440432000 |      1 |
|  9536 |     973 |       22 |  1471968000 | 1440432000 |      1 |
|  9537 |     973 |       23 |  1471968000 | 1440432000 |      1 |

|  9538 |     974 |        0 |  2147483647 | 1409538669 |      1 |
|  9539 |     974 |        1 |  2147483647 | 1409538669 |      1 |
|  9540 |     974 |        8 |  2147483647 | 1409538669 |      1 |

|  9541 |     974 |        3 |  1441296000 | 1409846400 |      1 |
|  9542 |     974 |        5 |  1441296000 | 1409846400 |      1 |
|  9543 |     974 |        6 |  1441296000 | 1409846400 |      1 |
|  9544 |     974 |        7 |  1441296000 | 1409846400 |      1 |
|  9545 |     974 |        9 |  1441296000 | 1409846400 |      1 |
|  9546 |     974 |       11 |  1441296000 | 1409846400 |      1 |
|  9547 |     974 |       12 |  1409846400 | 1409846400 |      1 |
|  9548 |     974 |       22 |  1441296000 | 1409846400 |      1 |
|  9549 |     974 |       23 |  1441296000 | 1409846400 |      1 |

|  9550 |     975 |        0 |  2147483647 | 1409542311 |      1 |
|  9551 |     975 |        1 |  2147483647 | 1409542311 |      1 |
|  9552 |     975 |        8 |  2147483647 | 1409542311 |      1 |

|  9553 |     975 |        3 |  1410492711 | 1409542311 |      1 |
|  9554 |     975 |        5 |  1410492711 | 1409542311 |      1 |
|  9555 |     975 |        6 |  1410492711 | 1409542311 |      1 |
|  9556 |     975 |        7 |  1410492711 | 1409542311 |      1 |
|  9557 |     975 |        9 |  1410492711 | 1409542311 |      1 |
|  9558 |     975 |       11 |  1410492711 | 1409542311 |      1 |
|  9559 |     975 |       12 |  1410492711 | 1409542311 |      1 |
|  9560 |     975 |       22 |  1410492711 | 1409542311 |      1 |
|  9561 |     975 |       23 |  1410492711 | 1409542311 |      1 |

|  9562 |     976 |        0 |  2147483647 | 1409552729 |      1 |
|  9563 |     976 |        1 |  2147483647 | 1409552729 |      1 |
|  9564 |     976 |        8 |  2147483647 | 1409552729 |      1 |

|  9565 |     976 |        3 |  1442332800 | 1410883200 |      1 |
|  9566 |     976 |        5 |  1442332800 | 1410883200 |      1 |
|  9567 |     976 |        6 |  1442332800 | 1410883200 |      1 |
|  9568 |     976 |        7 |  1442332800 | 1410883200 |      1 |
|  9569 |     976 |        9 |  1442332800 | 1410883200 |      1 |
|  9570 |     976 |       11 |  1442332800 | 1410883200 |      1 |
|  9571 |     976 |       12 |  1410883200 | 1410883200 |      1 |
|  9572 |     976 |       22 |  1442332800 | 1410883200 |      1 |
|  9573 |     976 |       23 |  1442332800 | 1410883200 |      1 |

|  9574 |     977 |        0 |  2147483647 | 1441009340 |      1 |
|  9575 |     977 |        1 |  2147483647 | 1441009340 |      1 |
|  9576 |     977 |        8 |  2147483647 | 1441009340 |      1 |

|  9577 |     977 |        3 |  1472572800 | 1441009340 |      1 |
|  9578 |     977 |        5 |  1472572800 | 1441009340 |      1 |
|  9579 |     977 |        6 |  1472572800 | 1441009340 |      1 |
|  9580 |     977 |        7 |  1472572800 | 1441009340 |      1 |
|  9581 |     977 |        9 |  1472572800 | 1441009340 |      1 |
|  9582 |     977 |       11 |  1472572800 | 1441009340 |      1 |
|  9583 |     977 |       12 |  1441009340 | 1441009340 |      1 |
|  9584 |     977 |       22 |  1472572800 | 1441009340 |      1 |
|  9585 |     977 |       23 |  1472572800 | 1441009340 |      1 |
|  9586 |     977 |        4 |  1472572800 | 1441009340 |      1 |
|  9587 |     977 |       18 |  1472572800 | 1441009340 |      1 |
|  9588 |     977 |       17 |  1472572800 | 1441009340 |      1 |

|  9589 |     978 |        0 |  2147483647 | 1409629564 |      1 |
|  9590 |     978 |        1 |  2147483647 | 1409629564 |      1 |
|  9591 |     978 |        8 |  2147483647 | 1409629564 |      1 |
|  9592 |     978 |        3 |  1410579964 | 1409629564 |      1 |
|  9593 |     978 |        5 |  1410579964 | 1409629564 |      1 |
|  9594 |     978 |        6 |  1410579964 | 1409629564 |      1 |
|  9595 |     978 |        7 |  1410579964 | 1409629564 |      1 |
|  9596 |     978 |        9 |  1410579964 | 1409629564 |      1 |
|  9597 |     978 |       11 |  1410579964 | 1409629564 |      1 |
|  9598 |     978 |       12 |  1410579964 | 1409629564 |      1 |
|  9599 |     978 |       22 |  1410579964 | 1409629564 |      1 |
|  9600 |     978 |       23 |  1410579964 | 1409629564 |      1 |

|  9601 |     976 |       16 |  1442332800 | 1410883200 |      1 |
|  9602 |     976 |       17 |  1442332800 | 1410883200 |      1 |
|  9603 |     976 |       18 |  1442332800 | 1410883200 |      1 |
|  9604 |     976 |       19 |  1442332800 | 1410883200 |      1 |
|  9605 |     976 |       20 |  1410883200 | 1410883200 |      1 |
|  9606 |     976 |       21 |  1410883200 | 1410883200 |      1 |
|  9607 |     976 |        4 |  1442332800 | 1410883200 |      1 |

|  9608 |     979 |        0 |  2147483647 | 1409711100 |      1 |
|  9609 |     979 |        1 |  2147483647 | 1409711100 |      1 |
|  9610 |     979 |        8 |  2147483647 | 1409711100 |      1 |
|  9611 |     979 |        3 |  1410661500 | 1409711100 |      1 |
|  9612 |     979 |        5 |  1410661500 | 1409711100 |      1 |
|  9613 |     979 |        6 |  1410661500 | 1409711100 |      1 |
|  9614 |     979 |        7 |  1410661500 | 1409711100 |      1 |
|  9615 |     979 |        9 |  1410661500 | 1409711100 |      1 |
|  9616 |     979 |       11 |  1410661500 | 1409711100 |      1 |
|  9617 |     979 |       12 |  1410661500 | 1409711100 |      1 |
|  9618 |     979 |       22 |  1410661500 | 1409711100 |      1 |
|  9619 |     979 |       23 |  1410661500 | 1409711100 |      1 |

|  9620 |     979 |        4 |  1440864000 | 1409363739 |      1 |
|  9621 |     979 |       16 |  1440864000 | 1409363739 |      1 |
|  9622 |     979 |       17 |  1440864000 | 1409363739 |      1 |
|  9623 |     979 |       18 |  1440864000 | 1409363739 |      1 |
|  9624 |     979 |       19 |  1440864000 | 1409363739 |      1 |
|  9625 |     979 |       20 |  1440864000 | 1409363739 |      1 |
|  9626 |     979 |       21 |  1440864000 | 1409363739 |      1 |

|  9627 |     980 |        0 |  2147483647 | 1410233160 |      1 |
|  9628 |     980 |        1 |  2147483647 | 1410233160 |      1 |
|  9629 |     980 |        8 |  2147483647 | 1410233160 |      1 |
|  9630 |     980 |        3 |  1411183560 | 1410233160 |      1 |
|  9631 |     980 |        5 |  1411183560 | 1410233160 |      1 |
|  9632 |     980 |        6 |  1411183560 | 1410233160 |      1 |
|  9633 |     980 |        7 |  1411183560 | 1410233160 |      1 |
|  9634 |     980 |        9 |  1411183560 | 1410233160 |      1 |
|  9635 |     980 |       11 |  1411183560 | 1410233160 |      1 |
|  9636 |     980 |       12 |  1411183560 | 1410233160 |      1 |
|  9637 |     980 |       22 |  1411183560 | 1410233160 |      1 |
|  9638 |     980 |       23 |  1411183560 | 1410233160 |      1 |

|  9639 |     981 |        0 |  2147483647 | 1410233477 |      1 |
|  9640 |     981 |        1 |  2147483647 | 1410233477 |      1 |
|  9641 |     981 |        8 |  2147483647 | 1410233477 |      1 |
|  9642 |     981 |        3 |  1411183877 | 1410233477 |      1 |
|  9643 |     981 |        5 |  1411183877 | 1410233477 |      1 |
|  9644 |     981 |        6 |  1411183877 | 1410233477 |      1 |
|  9645 |     981 |        7 |  1411183877 | 1410233477 |      1 |
|  9646 |     981 |        9 |  1411183877 | 1410233477 |      1 |
|  9647 |     981 |       11 |  1411183877 | 1410233477 |      1 |
|  9648 |     981 |       12 |  1411183877 | 1410233477 |      1 |
|  9649 |     981 |       22 |  1411183877 | 1410233477 |      1 |
|  9650 |     981 |       23 |  1411183877 | 1410233477 |      1 |

|  9651 |     982 |        0 |  2147483647 | 1410830630 |      1 |
|  9652 |     982 |        1 |  2147483647 | 1410830630 |      1 |
|  9653 |     982 |        8 |  2147483647 | 1410830630 |      1 |
|  9654 |     982 |        3 |  1411781030 | 1410830630 |      1 |
|  9655 |     982 |        5 |  1411781030 | 1410830630 |      1 |
|  9656 |     982 |        6 |  1411781030 | 1410830630 |      1 |
|  9657 |     982 |        7 |  1411781030 | 1410830630 |      1 |
|  9658 |     982 |        9 |  1411781030 | 1410830630 |      1 |
|  9659 |     982 |       11 |  1411781030 | 1410830630 |      1 |
|  9660 |     982 |       12 |  1411781030 | 1410830630 |      1 |
|  9661 |     982 |       22 |  1411781030 | 1410830630 |      1 |
|  9662 |     982 |       23 |  1411781030 | 1410830630 |      1 |

|  9663 |     983 |        0 |  2147483647 | 1439308800 |      1 |
|  9664 |     983 |        1 |  2147483647 | 1439308800 |      1 |
|  9665 |     983 |        8 |  2147483647 | 1439308800 |      1 |
|  9666 |     983 |        3 |  1470844800 | 1439308800 |      1 |
|  9667 |     983 |        5 |  1470844800 | 1439308800 |      1 |
|  9668 |     983 |        6 |  1470844800 | 1439308800 |      1 |
|  9669 |     983 |        7 |  1470844800 | 1439308800 |      1 |
|  9670 |     983 |        9 |  1470844800 | 1439308800 |      1 |
|  9671 |     983 |       11 |  1470844800 | 1439308800 |      1 |
|  9672 |     983 |       12 |  1407772800 | 1439308800 |      1 |
|  9673 |     983 |       22 |  1439308800 | 1439308800 |      1 |
|  9674 |     983 |       23 |  1470844800 | 1439308800 |      1 |

|  9675 |     984 |        0 |  2147483647 | 1410855163 |      1 |
|  9676 |     984 |        1 |  2147483647 | 1410855163 |      1 |
|  9677 |     984 |        8 |  2147483647 | 1410855163 |      1 |

|  9678 |     984 |        3 |  1441900800 | 1410451200 |      1 |
|  9679 |     984 |        5 |  1441900800 | 1410451200 |      1 |
|  9680 |     984 |        6 |  1441900800 | 1410451200 |      1 |
|  9681 |     984 |        7 |  1441900800 | 1410451200 |      1 |
|  9682 |     984 |        9 |  1441900800 | 1410451200 |      1 |
|  9683 |     984 |       11 |  1441900800 | 1410451200 |      1 |
|  9684 |     984 |       12 |  1410451200 | 1410451200 |      1 |
|  9685 |     984 |       22 |  1410451200 | 1410451200 |      1 |
|  9686 |     984 |       23 |  1441900800 | 1410451200 |      1 |

|  9687 |     983 |       16 |  1470844800 | 1439308800 |      1 |
|  9688 |     983 |       14 |  1470844800 | 1439308800 |      1 |
|  9689 |     984 |       14 |  1441900800 | 1410451200 |      1 |

|  9690 |     985 |        0 |  2147483647 | 1410933877 |      1 |
|  9691 |     985 |        1 |  2147483647 | 1410933877 |      1 |
|  9692 |     985 |        8 |  2147483647 | 1410933877 |      1 |
|  9693 |     985 |        3 |  1411884277 | 1410933877 |      1 |
|  9694 |     985 |        5 |  1411884277 | 1410933877 |      1 |
|  9695 |     985 |        6 |  1411884277 | 1410933877 |      1 |
|  9696 |     985 |        7 |  1411884277 | 1410933877 |      1 |
|  9697 |     985 |        9 |  1411884277 | 1410933877 |      1 |
|  9698 |     985 |       11 |  1411884277 | 1410933877 |      1 |
|  9699 |     985 |       12 |  1411884277 | 1410933877 |      1 |
|  9700 |     985 |       22 |  1411884277 | 1410933877 |      1 |
|  9701 |     985 |       23 |  1411884277 | 1410933877 |      1 |

|  9731 |     986 |        0 |  2147483647 | 1411366213 |      1 |
|  9732 |     986 |        1 |  2147483647 | 1411366213 |      1 |
|  9733 |     986 |        8 |  2147483647 | 1411366213 |      1 |

|  9734 |     986 |        3 |  1439913600 | 1408464000 |      1 |
|  9735 |     986 |        5 |  1439913600 | 1408464000 |      1 |
|  9736 |     986 |        6 |  1439913600 | 1408464000 |      1 |
|  9737 |     986 |        7 |  1439913600 | 1408464000 |      1 |
|  9738 |     986 |        9 |  1439913600 | 1408464000 |      1 |
|  9739 |     986 |       11 |  1439913600 | 1408464000 |      1 |
|  9740 |     986 |       12 |  1408464000 | 1408464000 |      1 |
|  9741 |     986 |       22 |  1408464000 | 1408464000 |      1 |
|  9742 |     986 |       23 |  1439913600 | 1408464000 |      1 |

|  9743 |     987 |        0 |  2147483647 | 1411607512 |      1 |
|  9744 |     987 |        1 |  2147483647 | 1411607512 |      1 |
|  9745 |     987 |        8 |  2147483647 | 1411607512 |      1 |
|  9746 |     987 |        3 |  1412557912 | 1411607512 |      1 |
|  9747 |     987 |        5 |  1412557912 | 1411607512 |      1 |
|  9748 |     987 |        6 |  1412557912 | 1411607512 |      1 |
|  9749 |     987 |        7 |  1412557912 | 1411607512 |      1 |
|  9750 |     987 |        9 |  1412557912 | 1411607512 |      1 |
|  9751 |     987 |       11 |  1412557912 | 1411607512 |      1 |
|  9752 |     987 |       12 |  1412557912 | 1411607512 |      1 |
|  9753 |     987 |       22 |  1412557912 | 1411607512 |      1 |
|  9754 |     987 |       23 |  1412557912 | 1411607512 |      1 |

|  9755 |     988 |        0 |  2147483647 | 1411607687 |      1 |
|  9756 |     988 |        1 |  2147483647 | 1411607687 |      1 |
|  9757 |     988 |        8 |  2147483647 | 1411607687 |      1 |

|  9758 |     988 |        3 |  1442764800 | 1411315200 |      1 |
|  9759 |     988 |        5 |  1442764800 | 1411315200 |      1 |
|  9760 |     988 |        6 |  1442764800 | 1411315200 |      1 |
|  9761 |     988 |        7 |  1442764800 | 1411315200 |      1 |
|  9762 |     988 |        9 |  1442764800 | 1411315200 |      1 |
|  9763 |     988 |       11 |  1442764800 | 1411315200 |      1 |
|  9764 |     988 |       12 |  1411315200 | 1411315200 |      1 |
|  9765 |     988 |       22 |  1411315200 | 1411315200 |      1 |
|  9766 |     988 |       23 |  1442764800 | 1411315200 |      1 |

|  9767 |     989 |        0 |  2147483647 | 1411609137 |      1 |
|  9768 |     989 |        1 |  2147483647 | 1411609137 |      1 |
|  9769 |     989 |        8 |  2147483647 | 1411609137 |      1 |
|  9770 |     989 |        3 |  1412559537 | 1411609137 |      1 |
|  9771 |     989 |        5 |  1412559537 | 1411609137 |      1 |
|  9772 |     989 |        6 |  1412559537 | 1411609137 |      1 |
|  9773 |     989 |        7 |  1412559537 | 1411609137 |      1 |
|  9774 |     989 |        9 |  1412559537 | 1411609137 |      1 |
|  9775 |     989 |       11 |  1412559537 | 1411609137 |      1 |
|  9776 |     989 |       12 |  1412559537 | 1411609137 |      1 |
|  9777 |     989 |       22 |  1412559537 | 1411609137 |      1 |
|  9778 |     989 |       23 |  1412559537 | 1411609137 |      1 |

|  9779 |     987 |       14 |  1440864000 | 1409363739 |      1 |
|  9780 |     987 |       16 |  1440864000 | 1409363739 |      1 |
|  9781 |     987 |        4 |  1440864000 | 1409363739 |      1 |
|  9782 |     989 |       14 |  1440864000 | 1409363739 |      1 |
|  9783 |     989 |       16 |  1440864000 | 1409363739 |      1 |
|  9784 |     989 |        4 |  1440864000 | 1409363739 |      1 |

|  9785 |     990 |        0 |  2147483647 | 1411695138 |      1 |
|  9786 |     990 |        1 |  2147483647 | 1411695138 |      1 |
|  9787 |     990 |        8 |  2147483647 | 1411695138 |      1 |
|  9788 |     990 |        3 |  1412645538 | 1411695138 |      1 |
|  9789 |     990 |        5 |  1412645538 | 1411695138 |      1 |
|  9790 |     990 |        6 |  1452645538 | 1411695138 |      1 |
|  9791 |     990 |        7 |  1452645538 | 1411695138 |      1 |
|  9792 |     990 |        9 |  1432645538 | 1411695138 |      1 |
|  9793 |     990 |       11 |  1412645538 | 1411695138 |      1 |
|  9794 |     990 |       12 |  1412645538 | 1411695138 |      1 |
|  9795 |     990 |       22 |  1412645538 | 1411695138 |      1 |
|  9796 |     990 |       23 |  1412645538 | 1411695138 |      1 |

|  9797 |     990 |       14 |  1440864000 | 1409363739 |      1 |
|  9798 |     988 |       16 |  1442764800 | 1411315200 |      1 |
|  9800 |     988 |       14 |  1442764800 | 1411315200 |      1 |

|  9801 |     991 |        0 |  2147483647 | 1441036800 |      1 |
|  9802 |     991 |        1 |  2147483647 | 1441036800 |      1 |
|  9803 |     991 |        8 |  2147483647 | 1441036800 |      1 |
|  9804 |     991 |        3 |  1472572800 | 1441036800 |      1 |
|  9805 |     991 |        5 |  1472572800 | 1441036800 |      1 |
|  9806 |     991 |        6 |  1472572800 | 1441036800 |      1 |
|  9807 |     991 |        7 |  1472572800 | 1441036800 |      1 |
|  9808 |     991 |        9 |  1472572800 | 1441036800 |      1 |
|  9809 |     991 |       11 |  1472572800 | 1441036800 |      1 |
|  9810 |     991 |       12 |  1480864000 | 1441036800 |      1 |
|  9811 |     991 |       22 |  1413690364 | 1441036800 |      1 |
|  9812 |     991 |       23 |  1413690364 | 1441036800 |      1 |
------------------------------------------------------------------------------------
|  9813 |     992 |        0 |  2147483647 | 1412745233 |      1 |
|  9814 |     992 |        1 |  2147483647 | 1412745233 |      1 |
|  9815 |     992 |        8 |  2147483647 | 1412745233 |      1 |
|  9816 |     992 |        3 |  1413695633 | 1412745233 |      1 |
|  9817 |     992 |        5 |  1413695633 | 1412745233 |      1 |
|  9818 |     992 |        6 |  1413695633 | 1412745233 |      1 |
|  9819 |     992 |        7 |  1413695633 | 1412745233 |      1 |
|  9820 |     992 |        9 |  1413695633 | 1412745233 |      1 |
|  9821 |     992 |       11 |  1413695633 | 1412745233 |      1 |
|  9822 |     992 |       12 |  1413695633 | 1412745233 |      1 |
|  9823 |     992 |       22 |  1413695633 | 1412745233 |      1 |
|  9824 |     992 |       23 |  1413695633 | 1412745233 |      1 |


|  9825 |     993 |        0 |  2147483647 | 1444406400 |      1 |
|  9826 |     993 |        1 |  2147483647 | 1444406400 |      1 |
|  9827 |     993 |        8 |  2147483647 | 1444406400 |      1 |
|  9828 |     993 |        3 |  1475942400 | 1444406400 |      1 |
|  9829 |     993 |        5 |  1475942400 | 1444406400 |      1 |
|  9830 |     993 |        6 |  1475942400 | 1444406400 |      1 |
|  9831 |     993 |        7 |  1475942400 | 1444406400 |      1 |
|  9832 |     993 |        9 |  1444320000 | 1444406400 |      1 |
|  9833 |     993 |       11 |  1444320000 | 1444406400 |      1 |
|  9834 |     993 |       12 |  1412870400 | 1444406400 |      1 |
|  9835 |     993 |       22 |  1412870400 | 1444406400 |      1 |
|  9836 |     993 |       23 |  1475942400 | 1444406400 |      1 |
|  9837 |     994 |        0 |  2147483647 | 1416758400 |      1 |
|  9838 |     994 |        1 |  2147483647 | 1416758400 |      1 |
|  9839 |     994 |        8 |  2147483647 | 1416758400 |      1 |
|  9840 |     994 |        3 |  1448380800 | 1416758400 |      1 |
|  9841 |     994 |        5 |  1448380800 | 1416758400 |      1 |
|  9842 |     994 |        6 |  1448380800 | 1416758400 |      1 |
|  9843 |     994 |        7 |  1448380800 | 1416758400 |      1 |
|  9844 |     994 |        9 |  1448380800 | 1416758400 |      1 |
|  9845 |     994 |       11 |  1448380800 | 1416758400 |      1 |
|  9846 |     994 |       12 |  1416758400 | 1416758400 |      1 |
|  9847 |     994 |       22 |  1448380800 | 1416758400 |      1 |
|  9848 |     994 |       23 |  1448380800 | 1416758400 |      1 |
|  9849 |     994 |        4 |  1448380800 | 1416758400 |      1 |
|  9850 |     994 |       16 |  1448380800 | 1416758400 |      1 |

|  9851 |     995 |        0 |  2147483647 | 1412990425 |      1 |
|  9852 |     995 |        1 |  2147483647 | 1412990425 |      1 |
|  9853 |     995 |        8 |  2147483647 | 1412990425 |      1 |
|  9854 |     995 |        3 |  1413940825 | 1412990425 |      1 |
|  9855 |     995 |        5 |  1413940825 | 1412990425 |      1 |
|  9856 |     995 |        6 |  1413940825 | 1412990425 |      1 |
|  9857 |     995 |        7 |  1413940825 | 1412990425 |      1 |
|  9858 |     995 |        9 |  1413940825 | 1412990425 |      1 |
|  9859 |     995 |       11 |  1413940825 | 1412990425 |      1 |
|  9860 |     995 |       12 |  1413940825 | 1412990425 |      1 |
|  9861 |     995 |       22 |  1413940825 | 1412990425 |      1 |
|  9862 |     995 |       23 |  1413940825 | 1412990425 |      1 |

|  9863 |     996 |        0 |  2147483647 | 1412990598 |      1 |
|  9864 |     996 |        1 |  2147483647 | 1412990598 |      1 |
|  9865 |     996 |        8 |  2147483647 | 1412990598 |      1 |
|  9866 |     996 |        3 |  1483940998 | 1412990598 |      1 |
|  9867 |     996 |        5 |  1483940998 | 1412990598 |      1 |
|  9868 |     996 |        6 |  1483940998 | 1412990598 |      1 |
|  9869 |     996 |        7 |  1483940998 | 1412990598 |      1 |
|  9870 |     996 |        9 |  1483940998 | 1412990598 |      1 |
|  9871 |     996 |       11 |  1483940998 | 1412990598 |      1 |
|  9872 |     996 |       12 |  1483940998 | 1412990598 |      1 |
|  9873 |     996 |       22 |  1483940998 | 1412990598 |      1 |
|  9874 |     996 |       23 |  1483940998 | 1412990598 |      1 |

|  9875 |     995 |        4 |  1440864000 | 1409363739 |      1 |
|  9876 |     995 |       16 |  1440864000 | 1409363739 |      1 |
|  9877 |     996 |        4 |  1483940998 | 1409363739 |      1 |
|  9878 |     996 |       16 |  1483940998 | 1409363739 |      1 |

|  9879 |     997 |        0 |  2147483647 | 1413773371 |      1 |
|  9880 |     997 |        1 |  2147483647 | 1413773371 |      1 |
|  9881 |     997 |        8 |  2147483647 | 1413773371 |      1 |
|  9882 |     997 |        3 |  1484723771 | 1413773371 |      1 |
|  9883 |     997 |        5 |  1484723771 | 1413773371 |      1 |
|  9884 |     997 |        6 |  1484723771 | 1413773371 |      1 |
|  9885 |     997 |        7 |  1484723771 | 1413773371 |      1 |
|  9886 |     997 |        9 |  1484723771 | 1413773371 |      1 |
|  9887 |     997 |       11 |  1484723771 | 1413773371 |      1 |
|  9888 |     997 |       12 |  1484723771 | 1413773371 |      1 |
|  9889 |     997 |       22 |  1484723771 | 1413773371 |      1 |
|  9890 |     997 |       23 |  1484723771 | 1413773371 |      1 |

|  9891 |     997 |       14 |  1440864000 | 1409363739 |      1 |
|  9892 |     997 |       16 |  1440864000 | 1409363739 |      1 |
|  9893 |     997 |        4 |  1840864000 | 1409363739 |      1 |
|  9894 |     997 |       17 |  1440864000 | 1409363739 |      1 |
|  9895 |     997 |       18 |  1440864000 | 1409363739 |      1 |
|  9896 |     997 |       19 |  1440864000 | 1409363739 |      1 |
|  9897 |     997 |       20 |  1440864000 | 1409363739 |      1 |
|  9898 |     997 |       21 |  1440864000 | 1409363739 |      1 |

|  9899 |     998 |        0 |  2147483647 | 1414029504 |      1 |
|  9900 |     998 |        1 |  2147483647 | 1414029504 |      1 |
|  9901 |     998 |        8 |  2147483647 | 1414029504 |      1 |
|  9902 |     998 |        3 |  1414979904 | 1414029504 |      1 |
|  9903 |     998 |        5 |  1414979904 | 1414029504 |      1 |
|  9904 |     998 |        6 |  1414979904 | 1414029504 |      1 |
|  9905 |     998 |        7 |  1414979904 | 1414029504 |      1 |
|  9906 |     998 |        9 |  1414979904 | 1414029504 |      1 |
|  9907 |     998 |       11 |  1414979904 | 1414029504 |      1 |
|  9908 |     998 |       12 |  1414979904 | 1414029504 |      1 |
|  9909 |     998 |       22 |  1414979904 | 1414029504 |      1 |
|  9910 |     998 |       23 |  1414979904 | 1414029504 |      1 |
|  9911 |     997 |       24 |  1484723771 | 1414029504 |      1 |

|  9912 |     999 |        0 |  2147483647 | 1414991124 |      1 |
|  9913 |     999 |        1 |  2147483647 | 1414991124 |      1 |
|  9914 |     999 |        8 |  2147483647 | 1414991124 |      1 |

|  9915 |     999 |        3 |  1442851200 | 1411401600 |      1 |
|  9916 |     999 |        5 |  1442851200 | 1411401600 |      1 |
|  9917 |     999 |        6 |  1442851200 | 1411401600 |      1 |
|  9918 |     999 |        7 |  1442851200 | 1411401600 |      1 |
|  9919 |     999 |        9 |  1442851200 | 1411401600 |      1 |
|  9920 |     999 |       11 |  1442851200 | 1411401600 |      1 |
|  9921 |     999 |       12 |  1411401600 | 1411401600 |      1 |
|  9922 |     999 |       22 |  1442851200 | 1411401600 |      1 |
|  9923 |     999 |       23 |  1442851200 | 1411401600 |      1 |
|  9924 |     999 |       14 |  1442851200 | 1411401600 |      1 |

|  9925 |    1000 |        0 |  2147483647 | 1415690191 |      1 |
|  9926 |    1000 |        1 |  2147483647 | 1415690191 |      1 |
|  9927 |    1000 |        8 |  2147483647 | 1415690191 |      1 |
|  9928 |    1000 |        3 |  1480864000 | 1415690191 |      1 |
|  9929 |    1000 |        5 |  1480864000 | 1415690191 |      1 |
|  9930 |    1000 |        6 |  1480864000 | 1415690191 |      1 |
|  9931 |    1000 |        7 |  1480864000 | 1415690191 |      1 |
|  9932 |    1000 |        9 |  1480864000 | 1415690191 |      1 |
|  9933 |    1000 |       11 |  1480864000 | 1415690191 |      1 |
|  9934 |    1000 |       12 |  1480864000 | 1415690191 |      1 |
|  9935 |    1000 |       22 |  1416640591 | 1415690191 |      1 |
|  9936 |    1000 |       23 |  1416640591 | 1415690191 |      1 |


|  9937 |    1000 |       14 |  1480864000 | 1409363739 |      1 |
|  9938 |    1000 |       16 |  1480864000 | 1409363739 |      1 |
|  9939 |    1000 |        4 |  1480864000 | 1409363739 |      1 |
|  9940 |    1000 |       17 |  1480864000 | 1409363739 |      1 |
|  9941 |    1000 |       18 |  1480864000 | 1409363739 |      1 |
|  9942 |    1000 |       19 |  1480864000 | 1409363739 |      1 |
|  9943 |    1000 |       20 |  1480864000 | 1409363739 |      1 |
|  9944 |    1000 |       21 |  1480864000 | 1409363739 |      1 |
|  9945 |    1000 |       24 |  1480864000 | 1409363739 |      1 |

|  9946 |    1001 |        0 |  2147483647 | 1416445570 |      1 |
|  9947 |    1001 |        1 |  2147483647 | 1416445570 |      1 |
|  9948 |    1001 |        8 |  2147483647 | 1416445570 |      1 |

|  9949 |    1001 |        3 |  1450368000 | 1418918400 |      1 |
|  9950 |    1001 |        5 |  1450368000 | 1418918400 |      1 |
|  9951 |    1001 |        6 |  1450368000 | 1418918400 |      1 |
|  9952 |    1001 |        7 |  1450368000 | 1418918400 |      1 |
|  9953 |    1001 |        9 |  1450368000 | 1418918400 |      1 |
|  9954 |    1001 |       11 |  1450368000 | 1418918400 |      1 |
|  9955 |    1001 |       12 |  1450368000 | 1418918400 |      1 |
|  9956 |    1001 |       22 |  1450368000 | 1418918400 |      1 |
|  9957 |    1001 |       23 |  1450368000 | 1418918400 |      1 |

|  9959 |     999 |       16 |  1442851200 | 1411401600 |      1 |
|  9960 |     999 |        4 |  1442851200 | 1411401600 |      1 |
|  9961 |     999 |       17 |  1442851200 | 1411401600 |      1 |
|  9962 |     999 |       18 |  1442851200 | 1411401600 |      1 |
|  9963 |     999 |       19 |  1442851200 | 1411401600 |      1 |
|  9964 |     999 |       20 |  1411401600 | 1411401600 |      1 |
|  9965 |     999 |       21 |  1411401600 | 1411401600 |      1 |

|  9966 |    1002 |        0 |  2147483647 | 1416820208 |      1 |
|  9967 |    1002 |        1 |  2147483647 | 1416820208 |      1 |
|  9968 |    1002 |        8 |  2147483647 | 1416820208 |      1 |
|  9969 |    1002 |        3 |  1417770608 | 1416820208 |      1 |
|  9970 |    1002 |        5 |  1417770608 | 1416820208 |      1 |
|  9971 |    1002 |        6 |  1417770608 | 1416820208 |      1 |
|  9972 |    1002 |        7 |  1417770608 | 1416820208 |      1 |
|  9973 |    1002 |        9 |  1417770608 | 1416820208 |      1 |
|  9974 |    1002 |       11 |  1417770608 | 1416820208 |      1 |
|  9975 |    1002 |       12 |  1417770608 | 1416820208 |      1 |
|  9976 |    1002 |       22 |  1417770608 | 1416820208 |      1 |
|  9977 |    1002 |       23 |  1417770608 | 1416820208 |      1 |

|  9978 |    1003 |        0 |  2147483647 | 1418181362 |      1 |
|  9979 |    1003 |        1 |  2147483647 | 1418181362 |      1 |
|  9980 |    1003 |        8 |  2147483647 | 1418181362 |      1 |
|  9981 |    1003 |        3 |  1419131762 | 1418181362 |      1 |
|  9982 |    1003 |        5 |  1419131762 | 1418181362 |      1 |
|  9983 |    1003 |        6 |  1419131762 | 1418181362 |      1 |
|  9984 |    1003 |        7 |  1419131762 | 1418181362 |      1 |
|  9985 |    1003 |        9 |  1419131762 | 1418181362 |      1 |
|  9986 |    1003 |       11 |  1419131762 | 1418181362 |      1 |
|  9987 |    1003 |       12 |  1419131762 | 1418181362 |      1 |
|  9988 |    1003 |       22 |  1419131762 | 1418181362 |      1 |
|  9989 |    1003 |       23 |  1419131762 | 1418181362 |      1 |

|  9990 |    1004 |        0 |  2147483647 | 1418188071 |      1 |
|  9991 |    1004 |        1 |  2147483647 | 1418188071 |      1 |
|  9992 |    1004 |        8 |  2147483647 | 1418188071 |      1 |

|  9993 |    1004 |        3 |  1458835200 | 1427299200 |      1 |
|  9994 |    1004 |        5 |  1458835200 | 1427299200 |      1 |
|  9995 |    1004 |        6 |  1458835200 | 1427299200 |      1 |
|  9996 |    1004 |        7 |  1458835200 | 1427299200 |      1 |
|  9997 |    1004 |        9 |  1458835200 | 1427299200 |      1 |
|  9998 |    1004 |       11 |  1458835200 | 1427299200 |      1 |
|  9999 |    1004 |       12 |  1427299200 | 1427299200 |      1 |
| 10000 |    1004 |       22 |  1458835200 | 1427299200 |      1 |
| 10001 |    1004 |       23 |  1458835200 | 1427299200 |      1 |
| 10002 |    1004 |       14 |  1458835200 | 1427299200 |      1 |
| 10003 |    1004 |       16 |  1458835200 | 1427299200 |      1 |
| 10004 |    1004 |        4 |  1458835200 | 1427299200 |      1 |
| 10005 |    1004 |       17 |  1458835200 | 1427299200 |      1 |
| 10006 |    1004 |       18 |  1458835200 | 1427299200 |      1 |
| 10007 |    1004 |       19 |  1458835200 | 1427299200 |      1 |
| 10008 |    1004 |       20 |  1427299200 | 1427299200 |      1 |
| 10009 |    1004 |       21 |  1427299200 | 1427299200 |      1 |

| 10010 |    1005 |        0 |  2147483647 | 1418878200 |      1 |
| 10011 |    1005 |        1 |  2147483647 | 1418878200 |      1 |
| 10012 |    1005 |        8 |  2147483647 | 1418878200 |      1 |
| 10013 |    1005 |        3 |  1480864000 | 1418878200 |      1 |
| 10014 |    1005 |        5 |  1480864000 | 1418878200 |      1 |
| 10015 |    1005 |        6 |  1480864000 | 1418878200 |      1 |
| 10016 |    1005 |        7 |  1480864000 | 1418878200 |      1 |
| 10017 |    1005 |        9 |  1480864000 | 1418878200 |      1 |
| 10018 |    1005 |       11 |  1480864000 | 1418878200 |      1 |
| 10019 |    1005 |       12 |  1480864000 | 1418878200 |      1 |
| 10020 |    1005 |       22 |  1419828600 | 1418878200 |      1 |
| 10021 |    1005 |       23 |  1419828600 | 1418878200 |      1 |

| 10022 |    1005 |       14 |  1480864000 | 1409363739 |      1 |
| 10023 |    1005 |       16 |  1480864000 | 1409363739 |      1 |
| 10024 |    1005 |        4 |  1480864000 | 1409363739 |      1 |
| 10025 |    1005 |       17 |  1480864000 | 1409363739 |      1 |
| 10026 |    1005 |       18 |  1480864000 | 1409363739 |      1 |
| 10027 |    1005 |       19 |  1480864000 | 1409363739 |      1 |
| 10028 |    1005 |       20 |  1480864000 | 1409363739 |      1 |
| 10029 |    1005 |       21 |  1480864000 | 1409363739 |      1 |

| 10030 |     991 |       14 |  1472572800 | 1441036800 |      1 |
| 10031 |     991 |       16 |  1472572800 | 1441036800 |      1 |
| 10032 |     991 |        4 |  1472572800 | 1441036800 |      1 |
| 10033 |     991 |       17 |  1472572800 | 1441036800 |      1 |
| 10034 |     991 |       18 |  1472572800 | 1441036800 |      1 |
| 10035 |     991 |       19 |  1472572800 | 1441036800 |      1 |
| 10036 |     991 |       20 |  1480864000 | 1441036800 |      1 |
| 10037 |     991 |       21 |  1480864000 | 1441036800 |      1 |

| 10038 |     977 |       14 |  1472572800 | 1441009340 |      1 |
| 10039 |     977 |       16 |  1472572800 | 1441009340 |      1 |
| 10044 |     977 |       20 |  1441009340 | 1441009340 |      1 |
| 10045 |     977 |       21 |  1441009340 | 1441009340 |      1 |
| 10047 |     977 |       19 |  1472572800 | 1441009340 |      1 |

| 10048 |     974 |       14 |  1441296000 | 1409846400 |      1 |
| 10049 |     974 |       16 |  1441296000 | 1409846400 |      1 |
| 10050 |     974 |        4 |  1441296000 | 1409846400 |      1 |
| 10051 |     974 |       17 |  1441296000 | 1409846400 |      1 |
| 10052 |     974 |       18 |  1441296000 | 1409846400 |      1 |
| 10053 |     974 |       19 |  1441296000 | 1409846400 |      1 |
| 10054 |     974 |       20 |  1409846400 | 1409846400 |      1 |
| 10055 |     974 |       21 |  1409846400 | 1409846400 |      1 |

| 10056 |     973 |       14 |  1471968000 | 1440432000 |      1 |
| 10057 |     973 |       16 |  1471968000 | 1440432000 |      1 |
| 10058 |     973 |        4 |  1471968000 | 1440432000 |      1 |
| 10059 |     973 |       17 |  1471968000 | 1440432000 |      1 |
| 10060 |     973 |       18 |  1471968000 | 1440432000 |      1 |
| 10061 |     973 |       19 |  1471968000 | 1440432000 |      1 |
| 10062 |     973 |       20 |  1440432000 | 1440432000 |      1 |
| 10063 |     973 |       21 |  1440432000 | 1440432000 |      1 |

| 10064 |    1006 |        0 |  2147483647 | 1418966185 |      1 |
| 10065 |    1006 |        1 |  2147483647 | 1418966185 |      1 |
| 10066 |    1006 |        8 |  2147483647 | 1418966185 |      1 |
| 10067 |    1006 |        3 |  1419916585 | 1418966185 |      1 |
| 10068 |    1006 |        5 |  1419916585 | 1418966185 |      1 |
| 10069 |    1006 |        6 |  1419916585 | 1418966185 |      1 |
| 10070 |    1006 |        7 |  1419916585 | 1418966185 |      1 |
| 10071 |    1006 |        9 |  1419916585 | 1418966185 |      1 |
| 10072 |    1006 |       11 |  1419916585 | 1418966185 |      1 |
| 10073 |    1006 |       12 |  1419916585 | 1418966185 |      1 |
| 10074 |    1006 |       22 |  1419916585 | 1418966185 |      1 |
| 10075 |    1006 |       23 |  1419916585 | 1418966185 |      1 |

| 10076 |    1006 |       14 |  1480864000 | 1409363739 |      1 |
| 10077 |    1006 |       16 |  1480864000 | 1409363739 |      1 |
| 10078 |    1006 |        4 |  1480864000 | 1409363739 |      1 |
| 10079 |    1006 |       17 |  1480864000 | 1409363739 |      1 |
| 10080 |    1006 |       18 |  1480864000 | 1409363739 |      1 |
| 10081 |    1006 |       19 |  1480864000 | 1409363739 |      1 |
| 10082 |    1006 |       20 |  1480864000 | 1409363739 |      1 |
| 10083 |    1006 |       21 |  1480864000 | 1409363739 |      1 |
| 10084 |     996 |       14 |  1440864000 | 1409363739 |      1 |
| 10089 |     996 |       17 |  1440864000 | 1409363739 |      1 |
| 10090 |     996 |       18 |  1440864000 | 1409363739 |      1 |
| 10091 |     996 |       19 |  1440864000 | 1409363739 |      1 |
| 10092 |     996 |       20 |  1440864000 | 1409363739 |      1 |
| 10093 |     996 |       21 |  1440864000 | 1409363739 |      1 |

| 10094 |    1007 |        0 |  2147483647 | 1419766184 |      1 |
| 10095 |    1007 |        1 |  2147483647 | 1419766184 |      1 |
| 10096 |    1007 |        8 |  2147483647 | 1419766184 |      1 |
| 10097 |    1007 |        3 |  1420716584 | 1419766184 |      1 |
| 10098 |    1007 |        5 |  1420716584 | 1419766184 |      1 |
| 10099 |    1007 |        6 |  1420716584 | 1419766184 |      1 |
| 10100 |    1007 |        7 |  1420716584 | 1419766184 |      1 |
| 10101 |    1007 |        9 |  1420716584 | 1419766184 |      1 |
| 10102 |    1007 |       11 |  1420716584 | 1419766184 |      1 |
| 10103 |    1007 |       12 |  1420716584 | 1419766184 |      1 |
| 10104 |    1007 |       22 |  1420716584 | 1419766184 |      1 |
| 10105 |    1007 |       23 |  1420716584 | 1419766184 |      1 |


| 10106 |    1007 |        4 |  1480864000 | 1409363739 |      1 |
| 10107 |    1007 |       14 |  1480864000 | 1419766184 |      0 |
| 10108 |    1007 |       16 |  1480864000 | 1419766184 |      0 |
| 10109 |    1007 |       17 |  1480864000 | 1419766184 |      0 |
| 10110 |    1007 |       18 |  1480864000 | 1419766184 |      0 |
| 10111 |    1007 |       19 |  1480864000 | 1419766184 |      0 |
| 10112 |    1007 |       20 |  1480864000 | 1419766184 |      0 |
| 10113 |    1007 |       21 |  1480864000 | 1419766184 |      0 |


| 10114 |    1008 |        0 |  2147483647 | 1419924127 |      1 |
| 10115 |    1008 |        1 |  2147483647 | 1419924127 |      1 |
| 10116 |    1008 |        8 |  2147483647 | 1419924127 |      1 |
| 10117 |    1008 |        3 |  1420874527 | 1419924127 |      1 |
| 10118 |    1008 |        5 |  1420874527 | 1419924127 |      1 |
| 10119 |    1008 |        6 |  1420874527 | 1419924127 |      1 |
| 10120 |    1008 |        7 |  1420874527 | 1419924127 |      1 |
| 10121 |    1008 |        9 |  1420874527 | 1419924127 |      1 |
| 10122 |    1008 |       11 |  1420874527 | 1419924127 |      1 |
| 10123 |    1008 |       12 |  1420874527 | 1419924127 |      1 |
| 10124 |    1008 |       22 |  1420874527 | 1419924127 |      1 |
| 10125 |    1008 |       23 |  1420874527 | 1419924127 |      1 |

| 10126 |    1009 |        0 |  2147483647 | 1419925466 |      1 |
| 10127 |    1009 |        1 |  2147483647 | 1419925466 |      1 |
| 10128 |    1009 |        8 |  2147483647 | 1419925466 |      1 |
| 10129 |    1009 |        3 |  1457752803 | 1419925466 |      1 |
| 10130 |    1009 |        5 |  1457752803 | 1419925466 |      1 |
| 10131 |    1009 |        6 |  1457752803 | 1419925466 |      1 |
| 10132 |    1009 |        7 |  1457752803 | 1419925466 |      1 |
| 10133 |    1009 |        9 |  1457752803 | 1419925466 |      1 |
| 10134 |    1009 |       11 |  1457752803 | 1419925466 |      1 |
| 10135 |    1009 |       12 |  1457752803 | 1419925466 |      1 |
| 10136 |    1009 |       22 |  1457752803 | 1419925466 |      1 |
| 10137 |    1009 |       23 |  1457752803 | 1419925466 |      1 |

| 10138 |    1008 |       14 |  1480864000 | 1409363739 |      1 |
| 10139 |    1008 |       16 |  1480864000 | 1409363739 |      1 |
| 10140 |    1008 |        4 |  1480864000 | 1409363739 |      1 |
| 10141 |    1008 |       17 |  1480864000 | 1409363739 |      1 |
| 10142 |    1008 |       18 |  1480864000 | 1409363739 |      1 |
| 10143 |    1008 |       19 |  1480864000 | 1409363739 |      1 |
| 10144 |    1008 |       20 |  1480864000 | 1409363739 |      1 |
| 10145 |    1008 |       21 |  1480864000 | 1409363739 |      1 |
| 10146 |    1009 |       14 |  1457752803 | 1409363739 |      1 |
| 10147 |    1009 |       16 |  1457752803 | 1409363739 |      1 |
| 10148 |    1009 |        4 |  1480864000 | 1409363739 |      1 |
| 10149 |    1009 |       17 |  1457752803 | 1409363739 |      1 |
| 10150 |    1009 |       18 |  1457752803 | 1409363739 |      1 |
| 10151 |    1009 |       19 |  1457752803 | 1409363739 |      1 |
| 10152 |    1009 |       20 |  1409363739 | 1409363739 |      1 |
| 10153 |    1009 |       21 |  1409363739 | 1409363739 |      1 |


| 10154 |    1010 |        0 |  2147483647 | 1420599408 |      1 |
| 10155 |    1010 |        1 |  2147483647 | 1420599408 |      1 |
| 10156 |    1010 |        8 |  2147483647 | 1420599408 |      1 |

| 10157 |    1010 |        3 |  1452700800 | 1421251200 |      1 |
| 10158 |    1010 |        5 |  1452700800 | 1421251200 |      1 |
| 10159 |    1010 |        6 |  1452700800 | 1421251200 |      1 |
| 10160 |    1010 |        7 |  1452700800 | 1421251200 |      1 |
| 10161 |    1010 |        9 |  1452700800 | 1421251200 |      1 |
| 10162 |    1010 |       11 |  1452700800 | 1421251200 |      1 |
| 10163 |    1010 |       12 |  1421251200 | 1421251200 |      1 |
| 10164 |    1010 |       22 |  1452700800 | 1421251200 |      1 |
| 10165 |    1010 |       23 |  1452700800 | 1421251200 |      1 |

| 10166 |    1011 |        0 |  2147483647 | 1420768789 |      1 |
| 10167 |    1011 |        1 |  2147483647 | 1420768789 |      1 |
| 10168 |    1011 |        8 |  2147483647 | 1420768789 |      1 |
| 10169 |    1011 |        3 |  1421719189 | 1420768789 |      1 |
| 10170 |    1011 |        5 |  1421719189 | 1420768789 |      1 |
| 10171 |    1011 |        6 |  1421719189 | 1420768789 |      1 |
| 10172 |    1011 |        7 |  1421719189 | 1420768789 |      1 |
| 10173 |    1011 |        9 |  1421719189 | 1420768789 |      1 |
| 10174 |    1011 |       11 |  1421719189 | 1420768789 |      1 |
| 10175 |    1011 |       12 |  1421719189 | 1420768789 |      1 |
| 10176 |    1011 |       22 |  1421719189 | 1420768789 |      1 |
| 10177 |    1011 |       23 |  1421719189 | 1420768789 |      1 |

| 10178 |    1012 |        0 |  2147483647 | 1421117128 |      1 |
| 10179 |    1012 |        1 |  2147483647 | 1421117128 |      1 |
| 10180 |    1012 |        8 |  2147483647 | 1421117128 |      1 |
| 10181 |    1012 |        3 |  1422067528 | 1421117128 |      1 |
| 10182 |    1012 |        5 |  1422067528 | 1421117128 |      1 |
| 10183 |    1012 |        6 |  1422067528 | 1421117128 |      1 |
| 10184 |    1012 |        7 |  1422067528 | 1421117128 |      1 |
| 10185 |    1012 |        9 |  1422067528 | 1421117128 |      1 |
| 10186 |    1012 |       11 |  1422067528 | 1421117128 |      1 |
| 10187 |    1012 |       12 |  1422067528 | 1421117128 |      1 |
| 10188 |    1012 |       22 |  1422067528 | 1421117128 |      1 |
| 10189 |    1012 |       23 |  1422067528 | 1421117128 |      1 |

| 10190 |    1013 |        0 |  2147483647 | 1421204306 |      1 |
| 10191 |    1013 |        1 |  2147483647 | 1421204306 |      1 |
| 10192 |    1013 |        8 |  2147483647 | 1421204306 |      1 |
| 10193 |    1013 |        3 |  1480864000 | 1421204306 |      1 |
| 10194 |    1013 |        5 |  1480864000 | 1421204306 |      1 |
| 10195 |    1013 |        6 |  1480864000 | 1421204306 |      1 |
| 10196 |    1013 |        7 |  1480864000 | 1421204306 |      1 |
| 10197 |    1013 |        9 |  1480864000 | 1421204306 |      1 |
| 10198 |    1013 |       11 |  1480864000 | 1421204306 |      1 |
| 10199 |    1013 |       12 |  1480864000 | 1421204306 |      1 |
| 10200 |    1013 |       22 |  1482154706 | 1421204306 |      1 |
| 10201 |    1013 |       23 |  1482154706 | 1421204306 |      1 |

| 10202 |    1013 |       14 |  1480864000 | 1409363739 |      1 |
| 10203 |    1013 |       16 |  1480864000 | 1409363739 |      1 |
| 10204 |    1013 |        4 |  1480864000 | 1409363739 |      1 |
| 10205 |    1013 |       17 |  1480864000 | 1409363739 |      1 |
| 10206 |    1013 |       18 |  1480864000 | 1409363739 |      1 |
| 10207 |    1013 |       19 |  1480864000 | 1409363739 |      1 |
| 10208 |    1013 |       20 |  1480864000 | 1409363739 |      1 |
| 10209 |    1013 |       21 |  1480864000 | 1409363739 |      1 |

| 10210 |    1010 |       14 |  1452700800 | 1421251200 |      1 |
| 10211 |    1010 |       16 |  1452700800 | 1421251200 |      1 |
| 10212 |    1010 |        4 |  1452700800 | 1421251200 |      1 |
| 10213 |    1010 |       17 |  1452700800 | 1421251200 |      1 |
| 10214 |    1010 |       18 |  1452700800 | 1421251200 |      1 |
| 10215 |    1010 |       19 |  1452700800 | 1421251200 |      1 |
| 10216 |    1010 |       20 |  1421251200 | 1421251200 |      1 |
| 10217 |    1010 |       21 |  1421251200 | 1421251200 |      1 |

| 10218 |    1014 |        0 |  2147483647 | 1421633017 |      1 |
| 10219 |    1014 |        1 |  2147483647 | 1421633017 |      1 |
| 10220 |    1014 |        8 |  2147483647 | 1421633017 |      1 |
| 10221 |    1014 |        3 |  1422583417 | 1421633017 |      1 |
| 10222 |    1014 |        5 |  1422583417 | 1421633017 |      1 |
| 10223 |    1014 |        6 |  1422583417 | 1421633017 |      1 |
| 10224 |    1014 |        7 |  1422583417 | 1421633017 |      1 |
| 10225 |    1014 |        9 |  1422583417 | 1421633017 |      1 |
| 10226 |    1014 |       11 |  1422583417 | 1421633017 |      1 |
| 10227 |    1014 |       12 |  1422583417 | 1421633017 |      1 |
| 10228 |    1014 |       22 |  1422583417 | 1421633017 |      1 |
| 10229 |    1014 |       23 |  1422583417 | 1421633017 |      1 |

| 10230 |    1015 |        0 |  2147483647 | 1421805279 |      1 |
| 10231 |    1015 |        1 |  2147483647 | 1421805279 |      1 |
| 10232 |    1015 |        8 |  2147483647 | 1421805279 |      1 |
| 10233 |    1015 |        3 |  1482755679 | 1421805279 |      1 |
| 10234 |    1015 |        5 |  1482755679 | 1421805279 |      1 |
| 10235 |    1015 |        6 |  1482755679 | 1421805279 |      1 |
| 10236 |    1015 |        7 |  1482755679 | 1421805279 |      1 |
| 10237 |    1015 |        9 |  1482755679 | 1421805279 |      1 |
| 10238 |    1015 |       11 |  1482755679 | 1421805279 |      1 |
| 10239 |    1015 |       12 |  1482755679 | 1421805279 |      1 |
| 10240 |    1015 |       22 |  1482755679 | 1421805279 |      1 |
| 10241 |    1015 |       23 |  1482755679 | 1421805279 |      1 |


| 10242 |    1015 |       14 |  1480864000 | 1409363739 |      1 |
| 10243 |    1015 |       16 |  1480864000 | 1409363739 |      1 |
| 10244 |    1015 |        4 |  1480864000 | 1409363739 |      1 |
| 10245 |    1015 |       17 |  1480864000 | 1409363739 |      1 |
| 10246 |    1015 |       18 |  1480864000 | 1409363739 |      1 |
| 10247 |    1015 |       19 |  1480864000 | 1409363739 |      1 |
| 10248 |    1015 |       20 |  1480864000 | 1409363739 |      1 |
| 10249 |    1015 |       21 |  1480864000 | 1409363739 |      1 |

| 10250 |    1016 |        0 |  2147483647 | 1423472877 |      1 |
| 10251 |    1016 |        1 |  2147483647 | 1423472877 |      1 |
| 10252 |    1016 |        8 |  2147483647 | 1423472877 |      1 |
| 10253 |    1016 |        3 |  1432199277 | 1423472877 |      1 |
| 10254 |    1016 |        5 |  1432199277 | 1423472877 |      1 |
| 10255 |    1016 |        6 |  1432199277 | 1423472877 |      1 |
| 10256 |    1016 |        7 |  1432199277 | 1423472877 |      1 |
| 10257 |    1016 |        9 |  1432199277 | 1423472877 |      1 |
| 10258 |    1016 |       11 |  1432199277 | 1423472877 |      1 |
| 10259 |    1016 |       12 |  1432199277 | 1423472877 |      1 |
| 10260 |    1016 |       22 |  1432199277 | 1423472877 |      1 |
| 10261 |    1016 |       23 |  1432199277 | 1423472877 |      1 |

| 10262 |    1017 |        0 |  2147483647 | 1425022609 |      1 |
| 10263 |    1017 |        1 |  2147483647 | 1425022609 |      1 |
| 10264 |    1017 |        8 |  2147483647 | 1425022609 |      1 |

| 10265 |    1017 |        3 |  1487952000 | 1423670400 |      1 |
| 10266 |    1017 |        5 |  1487952000 | 1423670400 |      1 |
| 10267 |    1017 |        6 |  1487952000 | 1423670400 |      1 |
| 10268 |    1017 |        7 |  1487952000 | 1423670400 |      1 |
| 10269 |    1017 |        9 |  1487952000 | 1423670400 |      1 |
| 10270 |    1017 |       11 |  1487952000 | 1423670400 |      1 |
| 10271 |    1017 |       12 |  1423670400 | 1423670400 |      1 |
| 10272 |    1017 |       22 |  1423670400 | 1423670400 |      1 |
| 10273 |    1017 |       23 |  1487952000 | 1423670400 |      1 |
| 10274 |    1017 |       14 |  1487952000 | 1423670400 |      1 |
| 10275 |    1017 |       16 |  1487952000 | 1423670400 |      1 |
| 10276 |    1017 |        4 |  1423670400 | 1423670400 |      1 |
| 10277 |    1017 |       17 |  1423670400 | 1423670400 |      1 |
| 10278 |    1017 |       18 |  1423670400 | 1423670400 |      1 |
| 10279 |    1017 |       19 |  1423670400 | 1423670400 |      1 |

| 10280 |    1018 |        0 |  2147483647 | 1425350371 |      1 |
| 10281 |    1018 |        1 |  2147483647 | 1425350371 |      1 |
| 10282 |    1018 |        8 |  2147483647 | 1425350371 |      1 |

| 10283 |    1018 |        3 |  1458835200 | 1427299200 |      1 |
| 10284 |    1018 |        5 |  1458835200 | 1427299200 |      1 |
| 10285 |    1018 |        6 |  1458835200 | 1427299200 |      1 |
| 10286 |    1018 |        7 |  1458835200 | 1427299200 |      1 |
| 10287 |    1018 |        9 |  1458835200 | 1427299200 |      1 |
| 10288 |    1018 |       11 |  1458835200 | 1427299200 |      1 |
| 10289 |    1018 |       12 |  1427299200 | 1427299200 |      1 |
| 10290 |    1018 |       22 |  1458835200 | 1427299200 |      1 |
| 10291 |    1018 |       23 |  1458835200 | 1427299200 |      1 |
| 10292 |    1018 |       14 |  1458835200 | 1427299200 |      1 |
| 10293 |    1018 |       16 |  1458835200 | 1427299200 |      1 |
| 10294 |    1018 |        4 |  1458835200 | 1427299200 |      1 |
| 10295 |    1018 |       17 |  1458835200 | 1427299200 |      1 |
| 10296 |    1018 |       18 |  1458835200 | 1427299200 |      1 |
| 10297 |    1018 |       19 |  1458835200 | 1427299200 |      1 |
| 10298 |    1018 |       20 |  1427299200 | 1427299200 |      1 |
| 10299 |    1018 |       21 |  1427299200 | 1427299200 |      1 |

| 10300 |    1019 |        0 |  2147483647 | 1425446263 |      1 |
| 10301 |    1019 |        1 |  2147483647 | 1425446263 |      1 |
| 10302 |    1019 |        8 |  2147483647 | 1425446263 |      1 |
| 10303 |    1019 |        3 |  1456998531 | 1425446263 |      1 |
| 10304 |    1019 |        5 |  1456998531 | 1425446263 |      1 |
| 10305 |    1019 |        6 |  1456998531 | 1425446263 |      1 |
| 10306 |    1019 |        7 |  1456998531 | 1425446263 |      1 |
| 10307 |    1019 |        9 |  1456998531 | 1425446263 |      1 |
| 10308 |    1019 |       11 |  1456998531 | 1425446263 |      1 |
| 10309 |    1019 |       12 |  1425446263 | 1425446263 |      1 |
| 10310 |    1019 |       22 |  1456998531 | 1425446263 |      1 |
| 10311 |    1019 |       23 |  1456998531 | 1425446263 |      1 |

| 10312 |    1019 |       14 |  1456998531 | 1425462531 |      1 |
| 10313 |    1019 |       16 |  1456998531 | 1425462531 |      1 |
| 10314 |    1019 |        4 |  1456998531 | 1425462531 |      1 |
| 10315 |    1019 |       17 |  1456998531 | 1425462531 |      1 |
| 10316 |    1019 |       18 |  1456998531 | 1425462531 |      1 |
| 10317 |    1019 |       19 |  1456998531 | 1425462531 |      1 |

| 10318 |    1015 |       24 |        NULL |       NULL |      0 |
| 10319 |    1020 |        0 |  2147483647 | 1425534638 |      1 |
| 10320 |    1020 |        1 |  2147483647 | 1425534638 |      1 |
| 10321 |    1020 |        8 |  2147483647 | 1425534638 |      1 |
| 10322 |    1020 |        3 |  1457075586 | 1425534638 |      1 |
| 10323 |    1020 |        5 |  1457075586 | 1425534638 |      1 |
| 10324 |    1020 |        6 |  1457075586 | 1425534638 |      1 |
| 10325 |    1020 |        7 |  1457075586 | 1425534638 |      1 |
| 10326 |    1020 |        9 |  1457075586 | 1425534638 |      1 |
| 10327 |    1020 |       11 |  1457075586 | 1425534638 |      1 |
| 10328 |    1020 |       12 |  1425534638 | 1425534638 |      1 |
| 10329 |    1020 |       22 |  1457075586 | 1425534638 |      1 |
| 10330 |    1020 |       23 |  1457075586 | 1425534638 |      1 |

| 10331 |    1020 |       14 |  1457075586 | 1425539586 |      1 |
| 10332 |    1020 |       16 |  1457075586 | 1425539586 |      1 |
| 10333 |    1020 |        4 |  1457075586 | 1425539586 |      1 |
| 10334 |    1020 |       17 |  1457075586 | 1425539586 |      1 |
| 10335 |    1020 |       18 |  1457075586 | 1425539586 |      1 |
| 10336 |    1020 |       19 |  1457075586 | 1425539586 |      1 |

| 10340 |    1021 |        0 |  2147483647 | 1427253214 |      1 |
| 10341 |    1021 |        1 |  2147483647 | 1427253214 |      1 |
| 10342 |    1021 |        8 |  2147483647 | 1427253214 |      1 |
| 10343 |    1021 |        3 |  1435979614 | 1427253214 |      1 |
| 10344 |    1021 |        5 |  1435979614 | 1427253214 |      1 |
| 10345 |    1021 |        6 |  1435979614 | 1427253214 |      1 |
| 10346 |    1021 |        7 |  1435979614 | 1427253214 |      1 |
| 10347 |    1021 |        9 |  1435979614 | 1427253214 |      1 |
| 10348 |    1021 |       11 |  1435979614 | 1427253214 |      1 |
| 10349 |    1021 |       12 |  1435979614 | 1427253214 |      1 |
| 10350 |    1021 |       22 |  1435979614 | 1427253214 |      1 |
| 10351 |    1021 |       23 |  1435979614 | 1427253214 |      1 |


| 10352 |    1022 |        0 |  2147483647 | 1427879487 |      1 |
| 10353 |    1022 |        1 |  2147483647 | 1427879487 |      1 |
| 10354 |    1022 |        8 |  2147483647 | 1427879487 |      1 |

| 10355 |    1022 |        3 |  1459353600 | 1427817600 |      1 |
| 10356 |    1022 |        5 |  1459353600 | 1427817600 |      1 |
| 10357 |    1022 |        6 |  1459353600 | 1427817600 |      1 |
| 10358 |    1022 |        7 |  1459353600 | 1427817600 |      1 |
| 10359 |    1022 |        9 |  1459353600 | 1427817600 |      1 |
| 10360 |    1022 |       11 |  1459353600 | 1427817600 |      1 |
| 10361 |    1022 |       12 |  1427817600 | 1427817600 |      1 |
| 10362 |    1022 |       22 |  1459353600 | 1427817600 |      1 |
| 10363 |    1022 |       23 |  1459353600 | 1427817600 |      1 |
| 10364 |    1022 |       14 |  1459353600 | 1427817600 |      1 |
| 10365 |    1022 |       16 |  1459353600 | 1427817600 |      1 |
| 10366 |    1022 |        4 |  1459353600 | 1427817600 |      1 |
| 10367 |    1022 |       17 |  1459353600 | 1427817600 |      1 |
| 10368 |    1022 |       18 |  1459353600 | 1427817600 |      1 |
| 10369 |    1022 |       19 |  1459353600 | 1427817600 |      1 |

| 10370 |     971 |       14 |  2147483647 | 1409363739 |      1 |
| 10371 |     971 |       16 |  2147483647 | 1409363739 |      1 |
| 10372 |     971 |        4 |  2147483647 | 1409363739 |      1 |
| 10373 |     971 |       17 |  2147483647 | 1409363739 |      1 |
| 10374 |     971 |       18 |  2147483647 | 1409363739 |      1 |
| 10375 |     971 |       19 |  2147483647 | 1409363739 |      1 |
| 10376 |     971 |       20 |  2147483647 | 1409363739 |      1 |
| 10377 |     971 |       21 |  2147483647 | 1409363739 |      1 |

| 10378 |    1023 |        0 |  2147483647 | 1429176873 |      1 |
| 10379 |    1023 |        1 |  2147483647 | 1429176873 |      1 |
| 10380 |    1023 |        8 |  2147483647 | 1429176873 |      1 |
| 10381 |    1023 |        3 |  1437903273 | 1429176873 |      1 |
| 10382 |    1023 |        5 |  1437903273 | 1429176873 |      1 |
| 10383 |    1023 |        6 |  1437903273 | 1429176873 |      1 |
| 10384 |    1023 |        7 |  1437903273 | 1429176873 |      1 |
| 10385 |    1023 |        9 |  1437903273 | 1429176873 |      1 |
| 10386 |    1023 |       11 |  1437903273 | 1429176873 |      1 |
| 10387 |    1023 |       12 |  1437903273 | 1429176873 |      1 |
| 10388 |    1023 |       22 |  1437903273 | 1429176873 |      1 |
| 10389 |    1023 |       23 |  1437903273 | 1429176873 |      1 |

| 10390 |    1024 |        0 |  2147483647 | 1429967429 |      1 |
| 10391 |    1024 |        1 |  2147483647 | 1429967429 |      1 |
| 10392 |    1024 |        8 |  2147483647 | 1429967429 |      1 |
| 10393 |    1024 |        3 |  1438693829 | 1429967429 |      1 |
| 10394 |    1024 |        5 |  1438693829 | 1429967429 |      1 |
| 10395 |    1024 |        6 |  1438693829 | 1429967429 |      1 |
| 10396 |    1024 |        7 |  1438693829 | 1429967429 |      1 |
| 10397 |    1024 |        9 |  1438693829 | 1429967429 |      1 |
| 10398 |    1024 |       11 |  1438693829 | 1429967429 |      1 |
| 10399 |    1024 |       12 |  1438693829 | 1429967429 |      1 |
| 10400 |    1024 |       22 |  1438693829 | 1429967429 |      1 |
| 10401 |    1024 |       23 |  1438693829 | 1429967429 |      1 |

| 10402 |    1001 |       14 |  1450368000 | 1418918400 |      1 |
| 10403 |    1001 |       16 |  1450368000 | 1418918400 |      1 |
| 10404 |    1001 |        4 |  1450368000 | 1418918400 |      1 |
| 10405 |    1001 |       17 |  1450368000 | 1418918400 |      1 |
| 10406 |    1001 |       18 |  1450368000 | 1418918400 |      1 |
| 10407 |    1001 |       19 |  1450368000 | 1418918400 |      1 |
| 10408 |    1001 |       20 |  1450368000 | 1418918400 |      1 |
| 10409 |    1001 |       21 |  1450368000 | 1418918400 |      1 |
| 10410 |     994 |       17 |  1448380800 | 1416758400 |      1 |
| 10411 |     994 |       18 |  1448380800 | 1416758400 |      1 |
| 10412 |     994 |       19 |  1448380800 | 1416758400 |      1 |


| 10413 |    1025 |        0 |  2147483647 | 1430733019 |      1 |
| 10414 |    1025 |        1 |  2147483647 | 1430733019 |      1 |
| 10415 |    1025 |        8 |  2147483647 | 1430733019 |      1 |
| 10416 |    1025 |        3 |  1439459419 | 1430733019 |      1 |
| 10417 |    1025 |        5 |  1439459419 | 1430733019 |      1 |
| 10418 |    1025 |        6 |  1439459419 | 1430733019 |      1 |
| 10419 |    1025 |        7 |  1439459419 | 1430733019 |      1 |
| 10420 |    1025 |        9 |  1439459419 | 1430733019 |      1 |
| 10421 |    1025 |       11 |  1439459419 | 1430733019 |      1 |
| 10422 |    1025 |       12 |  1439459419 | 1430733019 |      1 |
| 10423 |    1025 |       22 |  1439459419 | 1430733019 |      1 |
| 10424 |    1025 |       23 |  1439459419 | 1430733019 |      1 |

| 10425 |    1026 |        0 |  2147483647 | 1431071851 |      1 |
| 10426 |    1026 |        1 |  2147483647 | 1431071851 |      1 |
| 10427 |    1026 |        8 |  2147483647 | 1431071851 |      1 |
| 10428 |    1026 |        3 |  1439798251 | 1431071851 |      1 |
| 10429 |    1026 |        5 |  1439798251 | 1431071851 |      1 |
| 10430 |    1026 |        6 |  1439798251 | 1431071851 |      1 |
| 10431 |    1026 |        7 |  1439798251 | 1431071851 |      1 |
| 10432 |    1026 |        9 |  1439798251 | 1431071851 |      1 |
| 10433 |    1026 |       11 |  1439798251 | 1431071851 |      1 |
| 10434 |    1026 |       12 |  1439798251 | 1431071851 |      1 |
| 10435 |    1026 |       22 |  1439798251 | 1431071851 |      1 |
| 10436 |    1026 |       23 |  1439798251 | 1431071851 |      1 |

| 10437 |    1027 |        0 |  2147483647 | 1431481958 |      1 |
| 10438 |    1027 |        1 |  2147483647 | 1431481958 |      1 |
| 10439 |    1027 |        8 |  2147483647 | 1431481958 |      1 |
| 10440 |    1027 |        3 |  1440208358 | 1431481958 |      1 |
| 10441 |    1027 |        5 |  1440208358 | 1431481958 |      1 |
| 10442 |    1027 |        6 |  1440208358 | 1431481958 |      1 |
| 10443 |    1027 |        7 |  1440208358 | 1431481958 |      1 |
| 10444 |    1027 |        9 |  1440208358 | 1431481958 |      1 |
| 10445 |    1027 |       11 |  1440208358 | 1431481958 |      1 |
| 10446 |    1027 |       12 |  1440208358 | 1431481958 |      1 |
| 10447 |    1027 |       22 |  1440208358 | 1431481958 |      1 |
| 10448 |    1027 |       23 |  1440208358 | 1431481958 |      1 |

| 10449 |    1028 |        0 |  2147483647 | 1431952262 |      1 |
| 10450 |    1028 |        1 |  2147483647 | 1431952262 |      1 |
| 10451 |    1028 |        8 |  2147483647 | 1431952262 |      1 |
| 10452 |    1028 |        3 |  1440678662 | 1431952262 |      1 |
| 10453 |    1028 |        5 |  1440678662 | 1431952262 |      1 |
| 10454 |    1028 |        6 |  1440678662 | 1431952262 |      1 |
| 10455 |    1028 |        7 |  1440678662 | 1431952262 |      1 |
| 10456 |    1028 |        9 |  1440678662 | 1431952262 |      1 |
| 10457 |    1028 |       11 |  1440678662 | 1431952262 |      1 |
| 10458 |    1028 |       12 |  1440678662 | 1431952262 |      1 |
| 10459 |    1028 |       22 |  1440678662 | 1431952262 |      1 |
| 10460 |    1028 |       23 |  1440678662 | 1431952262 |      1 |

| 10461 |    1028 |       14 |  1480864000 | 1409363739 |      1 |
| 10462 |    1028 |       16 |  1480864000 | 1409363739 |      1 |
| 10463 |    1028 |        4 |  1480864000 | 1409363739 |      1 |
| 10464 |    1028 |       17 |  1480864000 | 1409363739 |      1 |
| 10465 |    1028 |       18 |  1480864000 | 1409363739 |      1 |
| 10466 |    1028 |       19 |  1480864000 | 1409363739 |      1 |
| 10467 |    1028 |       20 |  1480864000 | 1409363739 |      1 |
| 10468 |    1028 |       21 |  1480864000 | 1409363739 |      1 |

| 10469 |    1029 |        0 |  2147483647 | 1432100009 |      1 |
| 10470 |    1029 |        1 |  2147483647 | 1432100009 |      1 |
| 10471 |    1029 |        8 |  2147483647 | 1432100009 |      1 |
| 10472 |    1029 |        3 |  1440826409 | 1432100009 |      1 |
| 10473 |    1029 |        5 |  1440826409 | 1432100009 |      1 |
| 10474 |    1029 |        6 |  1440826409 | 1432100009 |      1 |
| 10475 |    1029 |        7 |  1440826409 | 1432100009 |      1 |
| 10476 |    1029 |        9 |  1440826409 | 1432100009 |      1 |
| 10477 |    1029 |       11 |  1440826409 | 1432100009 |      1 |
| 10478 |    1029 |       12 |  1440826409 | 1432100009 |      1 |
| 10479 |    1029 |       22 |  1440826409 | 1432100009 |      1 |
| 10480 |    1029 |       23 |  1440826409 | 1432100009 |      1 |

| 10481 |    1030 |        0 |  2147483647 | 1432130015 |      1 |
| 10482 |    1030 |        1 |  2147483647 | 1432130015 |      1 |
| 10483 |    1030 |        8 |  2147483647 | 1432130015 |      1 |
| 10484 |    1030 |        3 |  1440856415 | 1432130015 |      1 |
| 10485 |    1030 |        5 |  1440856415 | 1432130015 |      1 |
| 10486 |    1030 |        6 |  1440856415 | 1432130015 |      1 |
| 10487 |    1030 |        7 |  1440856415 | 1432130015 |      1 |
| 10488 |    1030 |        9 |  1440856415 | 1432130015 |      1 |
| 10489 |    1030 |       11 |  1440856415 | 1432130015 |      1 |
| 10490 |    1030 |       12 |  1440856415 | 1432130015 |      1 |
| 10491 |    1030 |       22 |  1440856415 | 1432130015 |      1 |
| 10492 |    1030 |       23 |  1440856415 | 1432130015 |      1 |

| 10493 |    1031 |        0 |  2147483647 | 1433303113 |      1 |
| 10494 |    1031 |        1 |  2147483647 | 1433303113 |      1 |
| 10495 |    1031 |        8 |  2147483647 | 1433303113 |      1 |
| 10496 |    1031 |        3 |  1442029513 | 1433303113 |      1 |
| 10497 |    1031 |        5 |  1442029513 | 1433303113 |      1 |
| 10498 |    1031 |        6 |  1442029513 | 1433303113 |      1 |
| 10499 |    1031 |        7 |  1442029513 | 1433303113 |      1 |
| 10500 |    1031 |        9 |  1442029513 | 1433303113 |      1 |
| 10501 |    1031 |       11 |  1442029513 | 1433303113 |      1 |
| 10502 |    1031 |       12 |  1442029513 | 1433303113 |      1 |
| 10503 |    1031 |       22 |  1442029513 | 1433303113 |      1 |
| 10504 |    1031 |       23 |  1442029513 | 1433303113 |      1 |


| 10505 |    1032 |        0 |  2147483647 | 1437110856 |      1 |
| 10506 |    1032 |        1 |  2147483647 | 1437110856 |      1 |
| 10507 |    1032 |        8 |  2147483647 | 1437110856 |      1 |
| 10508 |    1032 |        3 |  1468646934 | 1437110856 |      1 |
| 10509 |    1032 |        5 |  1468646934 | 1437110856 |      1 |
| 10510 |    1032 |        6 |  1468646934 | 1437110856 |      1 |
| 10511 |    1032 |        7 |  1468646934 | 1437110856 |      1 |
| 10512 |    1032 |        9 |  1468646934 | 1437110856 |      1 |
| 10513 |    1032 |       11 |  1468646934 | 1437110856 |      1 |
| 10514 |    1032 |       12 |  1468646934 | 1437110856 |      1 |
| 10515 |    1032 |       22 |  1468646934 | 1437110856 |      1 |
| 10516 |    1032 |       23 |  1468646934 | 1437110856 |      1 |

| 10517 |    1033 |        0 |  2147483647 | 1436943242 |      1 |
| 10518 |    1033 |        1 |  2147483647 | 1436943242 |      1 |
| 10519 |    1033 |        8 |  2147483647 | 1436943242 |      1 |
| 10520 |    1033 |        3 |  1445669642 | 1436943242 |      1 |
| 10521 |    1033 |        5 |  1445669642 | 1436943242 |      1 |
| 10522 |    1033 |        6 |  1445669642 | 1436943242 |      1 |
| 10523 |    1033 |        7 |  1445669642 | 1436943242 |      1 |
| 10524 |    1033 |        9 |  1445669642 | 1436943242 |      1 |
| 10525 |    1033 |       11 |  1445669642 | 1436943242 |      1 |
| 10526 |    1033 |       12 |  1445669642 | 1436943242 |      1 |
| 10527 |    1033 |       22 |  1445669642 | 1436943242 |      1 |
| 10528 |    1033 |       23 |  1445669642 | 1436943242 |      1 |

| 10529 |    1032 |       14 |  1468646934 | 1437110856 |      1 |
| 10530 |    1032 |       16 |  1468646934 | 1437110856 |      1 |
| 10531 |    1032 |        4 |  1468646934 | 1437110856 |      1 |
| 10532 |    1032 |       17 |  1468646934 | 1437110856 |      1 |
| 10533 |    1032 |       18 |  1468646934 | 1437110856 |      1 |
| 10534 |    1032 |       19 |  1468646934 | 1437110856 |      1 |
| 10535 |    1032 |       20 |  1468646934 | 1437110856 |      1 |
| 10536 |    1032 |       21 |  1468646934 | 1437110856 |      1 |

| 10537 |    1034 |        0 |  2147483647 | 1437667200 |      1 |
| 10538 |    1034 |        1 |  2147483647 | 1437667200 |      1 |
| 10539 |    1034 |        8 |  2147483647 | 1437667200 |      1 |
| 10540 |    1034 |        3 |  1469203200 | 1437667200 |      1 |
| 10541 |    1034 |        5 |  1469203200 | 1437667200 |      1 |
| 10542 |    1034 |        6 |  1469203200 | 1437667200 |      1 |
| 10543 |    1034 |        7 |  1469203200 | 1437667200 |      1 |
| 10544 |    1034 |        9 |  1469203200 | 1437667200 |      1 |
| 10545 |    1034 |       11 |  1469203200 | 1437667200 |      1 |
| 10546 |    1034 |       12 |  1437667200 | 1437667200 |      1 |
| 10547 |    1034 |       22 |  1469203200 | 1437667200 |      1 |
| 10548 |    1034 |       23 |  1469203200 | 1437667200 |      1 |
| 10549 |    1034 |       14 |  1469203200 | 1437667200 |      1 |
| 10550 |    1034 |       16 |  1469203200 | 1437667200 |      1 |
| 10551 |    1034 |        4 |  1469203200 | 1437667200 |      1 |
| 10552 |    1034 |       17 |  1469203200 | 1437667200 |      1 |
| 10553 |    1034 |       18 |  1469203200 | 1437667200 |      1 |
| 10554 |    1034 |       19 |  1469203200 | 1437667200 |      1 |

| 10555 |    1035 |        0 |  2147483647 | 1438684403 |      1 |
| 10556 |    1035 |        1 |  2147483647 | 1438684403 |      1 |
| 10557 |    1035 |        8 |  2147483647 | 1438684403 |      1 |
| 10558 |    1035 |        3 |  1447410803 | 1438684403 |      1 |
| 10559 |    1035 |        5 |  1447410803 | 1438684403 |      1 |
| 10560 |    1035 |        6 |  1447410803 | 1438684403 |      1 |
| 10561 |    1035 |        7 |  1447410803 | 1438684403 |      1 |
| 10562 |    1035 |        9 |  1447410803 | 1438684403 |      1 |
| 10563 |    1035 |       11 |  1447410803 | 1438684403 |      1 |
| 10564 |    1035 |       12 |  1447410803 | 1438684403 |      1 |
| 10565 |    1035 |       22 |  1447410803 | 1438684403 |      1 |
| 10566 |    1035 |       23 |  1447410803 | 1438684403 |      1 |

| 10567 |    1036 |        0 |  2147483647 | 1439198972 |      1 |
| 10568 |    1036 |        1 |  2147483647 | 1439198972 |      1 |
| 10569 |    1036 |        8 |  2147483647 | 1439198972 |      1 |
| 10570 |    1036 |        3 |  1470499200 | 1439198972 |      1 |
| 10571 |    1036 |        5 |  1470499200 | 1439198972 |      1 |
| 10572 |    1036 |        6 |  1470499200 | 1439198972 |      1 |
| 10573 |    1036 |        7 |  1470499200 | 1439198972 |      1 |
| 10574 |    1036 |        9 |  1470499200 | 1439198972 |      1 |
| 10575 |    1036 |       11 |  1470499200 | 1439198972 |      1 |
| 10576 |    1036 |       12 |  1470499200 | 1439198972 |      1 |
| 10577 |    1036 |       22 |  1470499200 | 1439198972 |      1 |
| 10578 |    1036 |       23 |  1470499200 | 1439198972 |      1 |

| 10579 |    1036 |       14 |  1470499200 | 1438963200 |      1 |
| 10580 |    1036 |       16 |  1470499200 | 1438963200 |      1 |
| 10581 |    1036 |        4 |  1470499200 | 1438963200 |      1 |
| 10582 |    1036 |       17 |  1470499200 | 1438963200 |      1 |
| 10583 |    1036 |       18 |  1470499200 | 1438963200 |      1 |
| 10584 |    1036 |       19 |  1470499200 | 1438963200 |      1 |
| 10585 |    1036 |       20 |  1470499200 | 1438963200 |      1 |
| 10586 |    1036 |       21 |  1470499200 | 1438963200 |      1 |

| 10587 |    1037 |        0 |  2147483647 | 1444008886 |      1 |
| 10588 |    1037 |        1 |  2147483647 | 1444008886 |      1 |
| 10589 |    1037 |        8 |  2147483647 | 1444008886 |      1 |
| 10590 |    1037 |        3 |  1452735286 | 1444008886 |      1 |
| 10591 |    1037 |        5 |  1452735286 | 1444008886 |      1 |
| 10592 |    1037 |        6 |  1452735286 | 1444008886 |      1 |
| 10593 |    1037 |        7 |  1452735286 | 1444008886 |      1 |
| 10594 |    1037 |        9 |  1452735286 | 1444008886 |      1 |
| 10595 |    1037 |       11 |  1452735286 | 1444008886 |      1 |
| 10596 |    1037 |       12 |  1452735286 | 1444008886 |      1 |
| 10597 |    1037 |       22 |  1452735286 | 1444008886 |      1 |
| 10598 |    1037 |       23 |  1452735286 | 1444008886 |      1 |

| 10599 |     993 |       14 |  1475942400 | 1444406400 |      1 |
| 10600 |     993 |       16 |  1475942400 | 1444406400 |      1 |

| 10601 |    1038 |        0 |  2147483647 | 1444924800 |      1 |
| 10602 |    1038 |        1 |  2147483647 | 1444924800 |      1 |
| 10603 |    1038 |        8 |  2147483647 | 1444924800 |      1 |
| 10604 |    1038 |        3 |  1507996800 | 1444924800 |      1 |
| 10605 |    1038 |        5 |  1507996800 | 1444924800 |      1 |
| 10606 |    1038 |        6 |  1507996800 | 1444924800 |      1 |
| 10607 |    1038 |        7 |  1507996800 | 1444924800 |      1 |
| 10608 |    1038 |        9 |  1507996800 | 1444924800 |      1 |
| 10609 |    1038 |       11 |  1507996800 | 1444924800 |      1 |
| 10610 |    1038 |       12 |  1444924800 | 1444924800 |      1 |
| 10611 |    1038 |       22 |  1444924800 | 1444924800 |      1 |
| 10612 |    1038 |       23 |  1507996800 | 1444924800 |      1 |
| 10613 |    1038 |       14 |  1507996800 | 1444924800 |      1 |
| 10614 |    1038 |       16 |  1507996800 | 1444924800 |      1 |

| 10615 |    1039 |        0 |  2147483647 | 1445659737 |      1 |
| 10616 |    1039 |        1 |  2147483647 | 1445659737 |      1 |
| 10617 |    1039 |        8 |  2147483647 | 1445659737 |      1 |
| 10618 |    1039 |        3 |  1454386137 | 1445659737 |      1 |
| 10619 |    1039 |        5 |  1454386137 | 1445659737 |      1 |
| 10620 |    1039 |        6 |  1454386137 | 1445659737 |      1 |
| 10621 |    1039 |        7 |  1454386137 | 1445659737 |      1 |
| 10622 |    1039 |        9 |  1454386137 | 1445659737 |      1 |
| 10623 |    1039 |       11 |  1454386137 | 1445659737 |      1 |
| 10624 |    1039 |       12 |  1454386137 | 1445659737 |      1 |
| 10625 |    1039 |       22 |  1454386137 | 1445659737 |      1 |
| 10626 |    1039 |       23 |  1454386137 | 1445659737 |      1 |

| 10627 |    1040 |        0 |  2147483647 | 1446307200 |      1 |
| 10628 |    1040 |        1 |  2147483647 | 1446307200 |      1 |
| 10629 |    1040 |        8 |  2147483647 | 1446307200 |      1 |
| 10630 |    1040 |        3 |  1477756800 | 1446307200 |      1 |
| 10631 |    1040 |        5 |  1477756800 | 1446307200 |      1 |
| 10632 |    1040 |        6 |  1477756800 | 1446307200 |      1 |
| 10633 |    1040 |        7 |  1477756800 | 1446307200 |      1 |
| 10634 |    1040 |        9 |  1477756800 | 1446307200 |      1 |
| 10635 |    1040 |       11 |  1477756800 | 1446307200 |      1 |
| 10636 |    1040 |       12 |  1446307200 | 1446307200 |      1 |
| 10637 |    1040 |       22 |  1477756800 | 1446307200 |      1 |
| 10638 |    1040 |       23 |  1477756800 | 1446307200 |      1 |
| 10639 |    1040 |       14 |  1477756800 | 1446307200 |      1 |
| 10640 |    1040 |       16 |  1477756800 | 1446307200 |      1 |
| 10641 |    1040 |        4 |  1477756800 | 1446307200 |      1 |
| 10642 |    1040 |       17 |  1477756800 | 1446307200 |      1 |
| 10643 |    1040 |       18 |  1477756800 | 1446307200 |      1 |
| 10644 |    1040 |       19 |  1477756800 | 1446307200 |      1 |

| 10645 |    1041 |        0 |  2147483647 | 1448380800 |      1 |
| 10646 |    1041 |        1 |  2147483647 | 1448380800 |      1 |
| 10647 |    1041 |        8 |  2147483647 | 1448380800 |      1 |
| 10648 |    1041 |        3 |  1511366400 | 1448380800 |      1 |
| 10649 |    1041 |        5 |  1511366400 | 1448380800 |      1 |
| 10650 |    1041 |        6 |  1511366400 | 1448380800 |      1 |
| 10651 |    1041 |        7 |  1511366400 | 1448380800 |      1 |
| 10652 |    1041 |        9 |  1511366400 | 1448380800 |      1 |
| 10653 |    1041 |       11 |  1511366400 | 1448380800 |      1 |
| 10654 |    1041 |       12 |  1448380800 | 1448380800 |      1 |
| 10655 |    1041 |       22 |  1448380800 | 1448380800 |      1 |
| 10656 |    1041 |       23 |  1511366400 | 1448380800 |      1 |
| 10657 |    1041 |       14 |  1511366400 | 1448380800 |      1 |

| 10658 |    1042 |        0 |  2147483647 | 1449556059 |      1 |
| 10659 |    1042 |        1 |  2147483647 | 1449556059 |      1 |
| 10660 |    1042 |        8 |  2147483647 | 1449556059 |      1 |
| 10661 |    1042 |        3 |  1481126400 | 1449556059 |      1 |
| 10662 |    1042 |        5 |  1481126400 | 1449556059 |      1 |
| 10663 |    1042 |        6 |  1481126400 | 1449556059 |      1 |
| 10664 |    1042 |        7 |  1481126400 | 1449556059 |      1 |
| 10665 |    1042 |        9 |  1481126400 | 1449556059 |      1 |
| 10666 |    1042 |       11 |  1481126400 | 1449556059 |      1 |
| 10667 |    1042 |       12 |  1481126400 | 1449556059 |      1 |
| 10668 |    1042 |       22 |  1481126400 | 1449556059 |      1 |
| 10669 |    1042 |       23 |  1481126400 | 1449556059 |      1 |

| 10670 |    1042 |       14 |  1481126400 | 1449590400 |      1 |
| 10671 |    1042 |       16 |  1481126400 | 1449590400 |      1 |
| 10672 |    1042 |        4 |  1481126400 | 1449590400 |      1 |
| 10673 |    1042 |       17 |  1481126400 | 1449590400 |      1 |
| 10674 |    1042 |       18 |  1481126400 | 1449590400 |      1 |
| 10675 |    1042 |       19 |  1481126400 | 1449590400 |      1 |
| 10676 |    1042 |       20 |  1481126400 | 1449590400 |      1 |
| 10677 |    1042 |       21 |  1481126400 | 1449590400 |      1 |

| 10678 |    1043 |        0 |  2147483647 | 1451836800 |      1 |
| 10679 |    1043 |        1 |  2147483647 | 1451836800 |      1 |
| 10680 |    1043 |        8 |  2147483647 | 1451836800 |      1 |
| 10681 |    1043 |        3 |  1514908800 | 1451836800 |      1 |
| 10682 |    1043 |        5 |  1514908800 | 1451836800 |      1 |
| 10683 |    1043 |        6 |  1514908800 | 1451836800 |      1 |
| 10684 |    1043 |        7 |  1514908800 | 1451836800 |      1 |
| 10685 |    1043 |        9 |  1514908800 | 1451836800 |      1 |
| 10686 |    1043 |       11 |  1514908800 | 1451836800 |      1 |
| 10687 |    1043 |       12 |  1451836800 | 1451836800 |      1 |
| 10688 |    1043 |       22 |  1514908800 | 1451836800 |      1 |
| 10689 |    1043 |       23 |  1514908800 | 1451836800 |      1 |
| 10690 |    1043 |       14 |  1514908800 | 1451836800 |      1 |
| 10691 |    1043 |       16 |  1514908800 | 1451836800 |      1 |
| 10692 |    1043 |        4 |  1514908800 | 1451836800 |      1 |
| 10693 |    1043 |       17 |  1514908800 | 1451836800 |      1 |
| 10694 |    1043 |       18 |  1514908800 | 1451836800 |      1 |
| 10695 |    1043 |       19 |  1514908800 | 1451836800 |      1 |

| 10696 |    1044 |        0 |  2147483647 | 1457280000 |      1 |
| 10697 |    1044 |        1 |  2147483647 | 1457280000 |      1 |
| 10698 |    1044 |        8 |  2147483647 | 1457280000 |      1 |
| 10699 |    1044 |        3 |  1488729600 | 1457280000 |      1 |
| 10700 |    1044 |        5 |  1488729600 | 1457280000 |      1 |
| 10701 |    1044 |        6 |  1488729600 | 1457280000 |      1 |
| 10702 |    1044 |        7 |  1488729600 | 1457280000 |      1 |
| 10703 |    1044 |        9 |  1488729600 | 1457280000 |      1 |
| 10704 |    1044 |       11 |  1488729600 | 1457280000 |      1 |
| 10705 |    1044 |       12 |  1488729600 | 1457280000 |      1 |
| 10706 |    1044 |       22 |  1488729600 | 1457280000 |      1 |
| 10707 |    1044 |       23 |  1488729600 | 1457280000 |      1 |
| 10708 |    1044 |       14 |  1488729600 | 1457280000 |      1 |
| 10709 |    1044 |       16 |  1488729600 | 1457280000